1716614702170 4500.849472165108 1999
1716614713748 3853.8320212960243 3999
1716614726195 3471.259123504162 5999
1716614737773 3211.7629658281803 7999
1716614750184 3039.3269807100296 9999
1716614761922 3002.668740719557 11999
1716614905496 2540.9997889995575 32999
1716614893767 2561.3763666301966 30999
1716614881719 2551.4415687918663 28999
1716614869337 2633.3121930658817 26999
1716614840368 2575.8704304397106 24499
1716614828561 2650.0207507014275 22499
1716614816200 2690.1131943762302 20499
1716614802652 2709.4877743571997 18499
1716614790325 2750.4971198141575 16499
1716614776443 2858.2753332704306 14499
1716614946283 2306.682507842779 39499
1716614930227 2442.1086955294013 36999
1716614917846 2475.009812243283 34999
1716615050774 2129.2643925249577 53999
1716615039573 2081.083472210914 51999
1716615012596 2283.8524342626333 49499
1716615000204 2226.33095767349 47499
1716614987236 2321.912351951003 45499
1716614974613 2319.951200477779 43499
1716614961334 2318.8370079621673 41499
1716615064289 2155.0793695524335 55999
1716615076895 2141.307899810374 57999
1716615090914 2158.1342066135257 59999
1716615102692 2133.6558068431914 61999
1716615117533 1945.4127998799086 64499
1716615130044 2008.9008148368448 66499
1716615143072 2021.881043376401 68499
1716615155466 2017.825841076672 70499
1716615168660 2036.861461341381 72499
1716615181063 2001.0615162365139 74499
1716615209183 1792.5967331845313 76999
1716615222042 1881.045849826187 78999
1716615234150 1866.463500674814 80999
1716615246199 1924.352903984487 82999
1716615258167 1918.5351531589404 84999
1716615269786 1949.4374371394515 86999
1716615287439 1749.2944626812823 89499
1716615298374 1817.093945255503 91499
1716615312553 1812.0768713569269 93499
1716615326066 1814.7910337224603 95499
1716615338880 1891.2696337141097 97499
1716615351771 1834.650804487057 99499
1716615380537 1588.7052519880235 101999
1716615393984 1658.2914993348531 103999
1716615406049 1703.2079522321 105999
1716615419679 1725.5121593608055 107999
1716615432150 1810.2792121744715 109999
1716615444223 1831.601903100498 111999
1716615459460 1605.7689336631447 114499
1716615472156 1629.608264005743 116499
1716615485035 1658.4608485694043 118499
1716615497735 1721.5464339877944 120499
1716615509304 1724.6840862785466 122499
1716615521335 1729.3742702994496 124499
