1716614789153 2833.6183917820454 16499
1716614775737 2904.1580929756165 14499
1716614760732 2981.38379997015 11999
1716614748044 3108.822126597166 9999
1716614736110 3247.7388722896576 7999
1716614724652 3404.3667167425156 5999
1716614712659 3792.8553891181946 3999
1716614700742 4497.601325631142 1999
1716614801501 2772.6308600753546 18499
1716614815206 2680.911979749799 20499
1716614827664 2674.961854055524 22499
1716614840214 2631.970689162612 24499
1716614868520 2607.2030280530453 26999
1716614881133 2505.9897399917245 28999
1716614893307 2576.1849645376205 30999
1716614917744 2565.2243098914623 34999
1716614905992 2513.6212209686637 32999
1716614930041 2439.0404131412506 36999
1716614959573 2316.053679458797 41499
1716614946788 2318.9334965460002 39499
1716614973689 2291.218406010419 43499
1716614984964 2302.565070964396 45499
1716614997121 2310.0764202028513 47499
1716615009838 2279.8311309535056 49499
1716615039511 2087.541829112917 51999
1716615524137 1738.5905968113802 124499
1716615512141 1742.8846129889134 122499
1716615499914 1666.8540325197391 120499
1716615486853 1716.254248448182 118499
1716615473336 1653.407645416446 116499
1716615461013 1543.274460947141 114499
1716615446163 1732.7765985489823 111999
1716615434529 1798.1831284323707 109999
1716615421071 1743.2738292198628 107999
1716615408270 1751.5135683277622 105999
1716615395840 1694.6754809727427 103999
1716615382178 1595.9742477363907 101999
1716615355079 1882.5590227153152 99499
1716615342108 1853.7241381746717 97499
1716615328842 1846.3398350519128 95499
1716615314386 1836.33364301268 93499
1716615300571 1760.7579659405164 91499
1716615288625 1721.7420506877825 89499
1716615271804 1932.5971340900287 86999
1716615260213 1919.4361488111317 84999
1716615248056 1918.5020182719454 82999
1716615236107 1914.2645251189824 80999
1716615224330 1844.803512440063 78999
1716615212184 1800.8208814039826 76999
1716615182978 2051.2689855843782 74499
1716615169966 2026.0768209379166 72499
1716615156719 2006.195433203131 70499
1716615144022 2001.4040314313024 68499
1716615131582 1995.4146740846336 66499
1716615119297 1946.742893613875 64499
1716615103575 2170.515520211309 61999
1716615091631 2142.139096479863 59999
1716615078578 2158.045374751091 57999
1716615065040 2122.0191535018384 55999
1716615052128 2112.97124581784 53999
