1720632536191 4092.7974924445152 1999
1720632594328 3779.402038693428 3999
1720632649269 3535.637586593628 5999
1720632704260 3353.3537700772285 7999
1720632758565 3215.02658110857 9999
1720632812023 3107.3513187766075 11999
1720632879525 2950.6750500947237 14499
1720632934504 2829.29385176301 16499
1720632988698 2799.973074182868 18499
1720633042421 2672.112806290388 20499
1720633096335 2643.0949059575796 22499
1720633249428 2906.523408651352 26999
1720633150385 2543.168440401554 24499
1720633303423 2733.699096918106 28999
1720633357551 2630.9880336895585 30999
1720633411497 2632.7214178293943 32999
1720633465016 2563.6411951184273 34999
1720633518661 2496.318768173456 36999
1720633586842 2368.34422442317 39499
1720633641601 2380.979097381234 41499
1720635994272 1574.9737989641726 124499
1720635939811 1598.9520082380623 122499
1720635885577 1592.9604701958597 120499
1720635831804 1541.913342339918 118499
1720635777191 1550.6690858602524 116499
1720635722978 1542.2639802061021 114499
1720635653750 1659.0542014110833 111999
1720635599704 1630.6589464843273 109999
1720635544982 1663.333167616278 107999
1720635489763 1662.1945640556514 105999
1720635435513 1580.3644025325775 103999
1720635382075 1581.0414665713906 101999
1720635284233 1738.8331065066159 99499
1720635230685 1784.175609961152 97499
1720635177077 1797.8690080046654 95499
1720635122318 1741.2383651733398 93499
1720635067669 1732.2430493161082 91499
1720635012819 1706.6880412697792 89499
1720634944538 1809.3880655765533 86999
1720634889881 1844.3236997500062 84999
1720634836215 1844.9572693891823 82999
1720634779959 1803.419071380049 80999
1720634724369 1831.1218990162015 78999
1720634671520 1751.1622190102935 76999
1720634573194 1974.6405548900366 74499
1720634517021 1983.4116359576583 72499
1720634462200 1982.511506613344 70499
1720634406501 1982.539057040587 68499
1720634351533 2019.898997336626 66499
1720634297204 1960.1975402906537 64499
1720634228793 2022.4439143389463 61999
1720634174126 2081.247144110501 59999
1720634120260 2111.4957938715816 57999
1720634066561 2139.237776070833 55999
1720634012552 2117.0828046500683 53999
1720633958165 2108.742054052651 51999
1720633859438 2257.375142388046 49499
1720633805012 2257.076032407582 47499
1720633750530 2287.4384952262044 45499
1720633696154 2323.4679454788566 43499
