1720633694987 2313.025403574109 43499
1720633642242 2347.571297287941 41499
1720633589003 2385.1044548749924 39499
1720633521145 2489.1970442831516 36999
1720633467451 2522.558655306697 34999
1720633412857 2597.7651751041412 32999
1720633358754 2667.845241099596 30999
1720633304898 2746.8178205490112 28999
1720633250328 2818.2120537161827 26999
1720633149476 2578.557161062956 24499
1720633094639 2647.2510734796524 22499
1720633038727 2661.971420377493 20499
1720632984088 2770.606484398246 18499
1720632930230 2798.0789315998554 16499
1720632876377 2921.9097792953253 14499
1720632808401 3068.647631317377 11999
1720632754895 3223.921182990074 9999
1720632699426 3394.7211344838142 7999
1720632645249 3583.4388590455055 5999
1720632591953 3811.4637308716774 3999
1720632534583 4098.268612444401 1999
1720633748979 2304.9203592538834 45499
1720633803408 2261.4881607070565 47499
1720633857354 2260.690187945962 49499
1720633955168 2106.969908811152 51999
1720634008803 2084.536991029978 53999
1720634063454 2110.818542331457 55999
1720634118195 2131.336442500353 57999
1720634172677 2108.392649911344 59999
1720634226893 2119.0377894714475 61999
1720634295001 2001.6449389979243 64499
1720634348474 2005.7812566123903 66499
1720634402906 1983.4571155905724 68499
1720634457660 1959.1700672879815 70499
1720634513082 1940.7799724340439 72499
1720634568507 1943.721296299249 74499
1720634668048 1769.4793926738203 76999
1720634723041 1847.9441070854664 78999
1720634777541 1827.780250247568 80999
1720634832552 1874.762354053557 82999
1720634886056 1810.3444767072797 84999
1720634940654 1768.122498292476 86999
1720635007246 1770.1918188631535 89499
1720635060504 1752.1590346805751 91499
1720635114236 1729.3105603791773 93499
1720635167584 1755.1569008044899 95499
1720635221683 1719.1700039841235 97499
1720635276161 1735.39219885692 99499
1720635378076 1511.0485080108047 101999
1720635432524 1564.888172186911 103999
1720635486628 1632.7265512533486 105999
1720635540589 1594.5692004747689 107999
1720635595009 1639.7038811147213 109999
1720635649067 1621.685574406758 111999
1720635717372 1527.349336206913 114499
1720635771706 1564.5636986289173 116499
1720635827252 1612.0418829731643 118499
1720635881539 1596.2039093002677 120499
1720635935952 1599.43244417198 122499
1720635990612 1550.619708813727 124499
